587,53.5827,-77.82875,53.66905,-78.74471,53.09499,-78.74677,52.29808,-78.38094,51.43034,-78.57602,51.34584,-77.08007,51.60392,-76.15379,51.43663,-75.41594,52.67421,-76.66218,53.5827,-77.82875
610,49.2587,-68.5030,48.9446,-69.0901,48.3646,-69.7054,48.6344,-71.1549,48.8665,-70.9072,48.6654,-69.9311,49.3825,-69.0145,49.6912,-68.1987,49.4681,-67.9833,49.2587,-68.5030
611,48.4048,-67.7177,48.4313,-67.4256,48.5884,-66.8611,48.7053,-65.8289,48.9345,-65.1003,48.661,-65.0884,48.4889,-65.9092,48.3356,-66.6786,48.2173,-67.3249,48.1485,-67.6618,48.4048,-67.7177
613,50.7504,-69.2800,51.0690,-69.3680,51.0044,-68.3591,50.6954,-66.4165,50.4042,-66.4554,50.7446,-68.6544,50.7504,-69.2800
614,50.4575,-68.6206,50.3034,-66.8190,49.5252,-67.6099,49.8013,-67.6284,49.7361,-67.9472,49.9265,-68.1879,49.9865,-67.5584,50.1610,-67.4027,50.1660,-68.3510,50.4575,-68.6206
615,50.343,-63.8097,50.3452,-64.4604,50.2646,-66.0863,50.4317,-66.0846,50.5242,-64.5121,50.9789,-64.4507,50.9865,-64.1122,50.4525,-64.1729,50.343,-63.8097
621,48.2613,-72.4219,47.8721,-73.1690,47.7172,-72.2022,48.1441,-71.8725,47.8574,-71.2574,47.8500,-71.7627,47.4058,-72.0485,47.8205,-73.8391,48.2613,-72.4219
622,48.5457,-72.8175,47.9605,-74.3117,48.1807,-74.7290,48.5057,-73.6531,48.5626,-74.1655,48.8585,-74.8290,48.8893,-75.1978,49.1254,-75.2329,49.0811,-74.4640,48.8406,-73.9640,48.5457,-72.8175
623,48.5632,-72.4488,48.8789,-73.0293,49.6166,-71.4861,49.2662,-70.5236,49.1118,-70.9806,49.2832,-71.4971,49.1041,-71.9802,48.9064,-71.2586,48.7208,-71.4908,48.9066,-72.3714,48.5632,-72.4488
626,49.887,-74.5523,49.9208,-74.8691,50.1632,-74.979,50.27427,-76.17993,50.47965,-76.1114,50.3894,-74.7864,50.6484,-74.6553,50.6676,-75.82747,50.8945,-75.6521,50.9594,-74.542,50.6976,-74.1726,49.887,-74.5523
627,49.7843,-74.1568,50.3809,-73.8493,51.5543,-71.8025,51.39,-71.3988,49.7843,-74.1568
628,49.6323,-74.2509,49.4132,-73.5404,49.5478,-72.9539,50.407,-71.4045,50.1449,-71.1767,49.0299,-73.3881,49.1711,-73.7486,49.6323,-74.2509
644,49.5822,-77.5194,49.5252,-76.0035,48.5747,-75.4101,48.3416,-75.8935,49.2821,-76.3770,49.2678,-76.9263,48.8358,-76.6406,48.8214,-77.3438,49.5822,-77.5194
645,49.8755,-77.6198,50.2644,-77.5982,50.4139,-78.0586,50.968,-77.2982,50.9301,-76.0686,50.6952,-76.2108,50.7045,-76.9431,50.5001,-77.4791,50.4675,-76.3828,50.2627,-76.4352,50.2571,-77.0836,49.8755,-77.6198
646,49.8147,-77.4468,50.0563,-76.8777,50.0166,-75.3868,49.6376,-75.1737,49.5968,-74.5606,49.2468,-74.2102,49.3542,-75.4601,49.7822,-75.7536,49.8101,-77.0422,49.8147,-77.4468
650,50.8205,-71.1954,49.7383,-73.0959,49.7158,-73.7501,51.2672,-71.0441,51.1796,-70.5529,50.8205,-71.1954
651,50.9513,-70.5709,50.8336,-69.7630,50.4249,-69.4564,50.4616,-68.9564,50.2395,-68.7999,50.1333,-69.3001,49.8899,-68.9049,50.0321,-68.5243,49.8636,-68.4430,49.5781,-69.1702,50.9513,-70.5709
652,50.5755,-71.088,50.592,-70.7395,49.4418,-69.4564,48.9384,-70.0281,49.0725,-70.4223,49.5259,-69.958,49.9242,-70.4582,49.6791,-70.8026,49.8103,-71.1453,50.1614,-70.7112,50.5755,-71.088
